2026 0 0 0 0
2030 0 0 0 0
2034 0 0 0 0
3913 8 -21.4328 -58.2359 -1.92561
3917 8 -21.4328 -58.2359 -1.92561
3921 8 -21.4328 -58.2359 -1.92561
3925 8 -21.4328 -58.2359 -1.92561
3929 8 -21.4328 -58.2359 -1.92561
3929 9 -20.0401 -68.6898 -1.41553
3933 8 -21.4328 -58.2359 -1.92561
3933 9 -20.0401 -68.6898 -1.41553
3933 12 -40.3835 -75.0369 1.18914
3937 8 -21.4328 -58.2359 -1.92561
3937 9 -20.0401 -68.6898 -1.41553
3937 12 -40.3835 -75.0369 1.18914
3941 8 -21.4328 -58.2359 -1.92561
3941 9 -20.0401 -68.6898 -1.41553
3941 12 -40.3835 -75.0369 1.18914
3945 8 -21.4328 -58.2359 -1.92561
3945 9 -20.0401 -68.6898 -1.41553
3945 12 -40.3835 -75.0369 1.18914
3949 8 -21.4328 -58.2359 -1.92561
3949 9 -20.0401 -68.6898 -1.41553
3949 12 -40.3835 -75.0369 1.18914
3953 8 -21.4328 -58.2359 -1.92561
3953 9 -20.0401 -68.6898 -1.41553
3953 12 -40.3835 -75.0369 1.18914
3957 8 -21.4328 -58.2359 -1.92561
3957 9 -20.0401 -68.6898 -1.41553
3957 12 -40.3835 -75.0369 1.18914
3961 8 -21.4328 -58.2359 -1.92561
3961 9 -20.0401 -68.6898 -1.41553
3965 8 -21.4328 -58.2359 -1.92561
3965 9 -20.0401 -68.6898 -1.41553
3969 8 -21.4328 -58.2359 -1.92561
3969 9 -20.0401 -68.6898 -1.41553
3973 8 -21.4328 -58.2359 -1.92561
3973 9 -20.0401 -68.6898 -1.41553
3977 8 -21.4328 -58.2359 -1.92561
3977 9 -20.0401 -68.6898 -1.41553
3981 8 -21.4328 -58.2359 -1.92561
3981 9 -20.0401 -68.6898 -1.41553
3985 8 -21.4328 -58.2359 -1.92561
3985 9 -20.0401 -68.6898 -1.41553
3989 8 -21.4328 -58.2359 -1.92561
3989 9 -20.0401 -68.6898 -1.41553
3993 9 -20.0419 -68.6934 -1.41549
3997 9 -20.0419 -68.6934 -1.41549
4001 9 -20.0419 -68.6934 -1.41549
4005 7 -18.4119 -49.9661 -1.98829
4005 9 -20.0419 -68.6934 -1.41549
4009 7 -18.4119 -49.9661 -1.98829
4009 9 -20.0419 -68.6934 -1.41549
4013 9 -20.0412 -68.6974 -1.41538
4017 9 -20.0412 -68.6974 -1.41538
4021 9 -20.0412 -68.6974 -1.41538
4025 9 -20.0412 -68.6974 -1.41538
4029 9 -20.0412 -68.6974 -1.41538
4033 9 -20.0412 -68.6974 -1.41538
4037 9 -20.0412 -68.6974 -1.41538
4041 9 -20.0412 -68.6974 -1.41538
4045 9 -20.0412 -68.6974 -1.41538
4049 9 -20.0412 -68.6974 -1.41538
4054 9 -20.0412 -68.6974 -1.41538
4058 9 -20.0412 -68.6974 -1.41538
4062 9 -20.0412 -68.6974 -1.41538
4066 9 -20.0412 -68.6974 -1.41538
4070 9 -20.0412 -68.6974 -1.41538
4075 9 -20.0412 -68.6974 -1.41538
4079 7 -18.413 -49.9701 -1.98822
4079 8 -21.4356 -58.2438 -1.9255
4079 9 -20.0412 -68.6974 -1.41538
4084 6 -15.7771 -43.9842 -2.12416
4084 8 -21.4354 -58.2494 -1.92541
4084 9 -20.0393 -68.7027 -1.41522
4089 8 -21.434 -58.2528 -1.92529
4089 9 -20.034 -68.7056 -1.41485
4094 8 -21.434 -58.2528 -1.92529
4094 9 -20.034 -68.7056 -1.41485
4099 8 -21.434 -58.2528 -1.92529
4099 9 -20.034 -68.7056 -1.41485
4103 8 -21.434 -58.2528 -1.92529
4103 9 -20.034 -68.7056 -1.41485
4108 8 -21.434 -58.2528 -1.92529
4108 9 -20.034 -68.7056 -1.41485
4112 8 -21.434 -58.2528 -1.92529
4112 9 -20.034 -68.7056 -1.41485
4116 8 -21.434 -58.2528 -1.92529
4116 9 -20.034 -68.7056 -1.41485
4121 8 -21.434 -58.2528 -1.92529
4126 8 -21.434 -58.2528 -1.92529
4131 8 -21.434 -58.2528 -1.92529
4136 8 -21.434 -58.2528 -1.92529
4141 8 -21.434 -58.2528 -1.92529
4145 8 -21.434 -58.2528 -1.92529
4150 8 -21.434 -58.2528 -1.92529
4155 8 -21.434 -58.2528 -1.92529
4160 6 -15.7767 -43.9873 -2.12417
4160 7 -18.4132 -49.9786 -1.98814
4160 8 -21.434 -58.2528 -1.92529
4165 6 -15.7767 -43.9873 -2.12417
4165 7 -18.4132 -49.9786 -1.98814
4165 8 -21.434 -58.2528 -1.92529
4170 6 -15.7767 -43.9873 -2.12417
4170 7 -18.4132 -49.9786 -1.98814
4170 8 -21.434 -58.2528 -1.92529
4175 7 -18.4126 -49.9834 -1.98816
4175 8 -21.4321 -58.258 -1.92513
4180 7 -18.4126 -49.9834 -1.98816
4180 8 -21.4321 -58.258 -1.92513
4185 7 -18.4126 -49.9834 -1.98816
4185 8 -21.4321 -58.258 -1.92513
4190 7 -18.4126 -49.9834 -1.98816
4190 8 -21.4321 -58.258 -1.92513
4195 7 -18.4126 -49.9834 -1.98816
4195 8 -21.4321 -58.258 -1.92513
4199 7 -18.4126 -49.9834 -1.98816
4199 8 -21.4321 -58.258 -1.92513
4203 7 -18.4126 -49.9834 -1.98816
4203 8 -21.4321 -58.258 -1.92513
4207 5 -8.31445 -39.2251 -2.13597
4207 7 -18.4126 -49.9834 -1.98816
4207 8 -21.4321 -58.258 -1.92513
4211 7 -18.4186 -49.9838 -1.98824
4211 8 -21.4343 -58.2597 -1.92468
4216 7 -18.4186 -49.9838 -1.98824
4216 8 -21.4343 -58.2597 -1.92468
4220 7 -18.4186 -49.9838 -1.98824
4220 8 -21.4343 -58.2597 -1.92468
4224 7 -18.4186 -49.9838 -1.98824
4224 8 -21.4343 -58.2597 -1.92468
4228 7 -18.4186 -49.9838 -1.98824
4228 8 -21.4343 -58.2597 -1.92468
4233 7 -18.4186 -49.9838 -1.98824
4233 8 -21.4343 -58.2597 -1.92468
4237 7 -18.4186 -49.9838 -1.98824
4237 8 -21.4343 -58.2597 -1.92468
4241 7 -18.4186 -49.9838 -1.98824
4241 8 -21.4343 -58.2597 -1.92468
4246 7 -18.4186 -49.9838 -1.98824
4246 8 -21.4343 -58.2597 -1.92468
4250 7 -18.4186 -49.9838 -1.98824
4250 8 -21.4343 -58.2597 -1.92468
4254 5 -8.31797 -39.2287 -2.13636
4254 6 -15.7815 -43.9929 -2.12459
4254 7 -18.4186 -49.9838 -1.98824
4254 8 -21.4343 -58.2597 -1.92468
4254 15 -24.5043 -56.7434 1.00643
4258 6 -15.7907 -43.9946 -2.125
4258 7 -18.4283 -49.9853 -1.98834
4258 8 -21.4408 -58.2624 -1.92428
4258 15 -24.5078 -56.724 1.00837
4263 6 -15.7907 -43.9946 -2.125
4263 7 -18.4283 -49.9853 -1.98834
4263 8 -21.4408 -58.2624 -1.92428
4263 15 -24.5078 -56.724 1.00837
4268 6 -15.7907 -43.9946 -2.125
4268 7 -18.4283 -49.9853 -1.98834
4268 8 -21.4408 -58.2624 -1.92428
4268 15 -24.5078 -56.724 1.00837
4272 6 -15.7907 -43.9946 -2.125
4272 7 -18.4283 -49.9853 -1.98834
4272 15 -24.5078 -56.724 1.00837
4276 6 -15.7907 -43.9946 -2.125
4276 7 -18.4283 -49.9853 -1.98834
4276 15 -24.5078 -56.724 1.00837
4280 6 -15.7907 -43.9946 -2.125
4280 7 -18.4283 -49.9853 -1.98834
4285 6 -15.7907 -43.9946 -2.125
4285 7 -18.4283 -49.9853 -1.98834
4290 6 -15.7907 -43.9946 -2.125
4290 7 -18.4283 -49.9853 -1.98834
4295 6 -15.7907 -43.9946 -2.125
4295 7 -18.4283 -49.9853 -1.98834
4299 6 -15.7907 -43.9946 -2.125
4299 7 -18.4283 -49.9853 -1.98834
4303 6 -15.7907 -43.9946 -2.125
4303 7 -18.4283 -49.9853 -1.98834
4307 6 -15.7907 -43.9946 -2.125
4307 7 -18.4283 -49.9853 -1.98834
4312 6 -15.7907 -43.9946 -2.125
4312 7 -18.4283 -49.9853 -1.98834
4316 6 -15.7907 -43.9946 -2.125
4316 7 -18.4283 -49.9853 -1.98834
4320 6 -15.7907 -43.9946 -2.125
4320 7 -18.4283 -49.9853 -1.98834
4324 6 -15.8016 -43.9934 -2.12539
4324 7 -18.44 -49.9837 -1.98846
4328 6 -15.8016 -43.9934 -2.12539
4328 7 -18.44 -49.9837 -1.98846
4332 6 -15.8016 -43.9934 -2.12539
4332 7 -18.44 -49.9837 -1.98846
4336 6 -15.8016 -43.9934 -2.12539
4336 7 -18.44 -49.9837 -1.98846
4340 6 -15.8016 -43.9934 -2.12539
4340 7 -18.44 -49.9837 -1.98846
4344 6 -15.8016 -43.9934 -2.12539
4344 7 -18.44 -49.9837 -1.98846
4348 6 -15.8016 -43.9934 -2.12539
4348 7 -18.44 -49.9837 -1.98846
4352 6 -15.8016 -43.9934 -2.12539
4352 7 -18.44 -49.9837 -1.98846
4356 5 -8.33425 -39.2353 -2.13716
4356 6 -15.8016 -43.9934 -2.12539
4356 7 -18.44 -49.9837 -1.98846
4360 5 -8.33425 -39.2353 -2.13716
4360 6 -15.8016 -43.9934 -2.12539
4360 7 -18.44 -49.9837 -1.98846
4364 5 -8.33425 -39.2353 -2.13716
4364 6 -15.8016 -43.9934 -2.12539
4364 7 -18.44 -49.9837 -1.98846
4368 5 -8.33425 -39.2353 -2.13716
4368 6 -15.8016 -43.9934 -2.12539
4368 7 -18.44 -49.9837 -1.98846
4372 5 -8.33425 -39.2353 -2.13716
4372 6 -15.8016 -43.9934 -2.12539
4372 7 -18.44 -49.9837 -1.98846
4377 5 -8.33425 -39.2353 -2.13716
4377 6 -15.8016 -43.9934 -2.12539
4377 7 -18.44 -49.9837 -1.98846
4381 5 -8.33425 -39.2353 -2.13716
4381 6 -15.8016 -43.9934 -2.12539
4381 7 -18.44 -49.9837 -1.98846
4385 5 -8.33425 -39.2353 -2.13716
4385 6 -15.8016 -43.9934 -2.12539
4389 5 -8.33425 -39.2353 -2.13716
4389 6 -15.8016 -43.9934 -2.12539
4394 5 -8.33425 -39.2353 -2.13716
4394 6 -15.8016 -43.9934 -2.12539
4399 5 -8.33425 -39.2353 -2.13716
4399 6 -15.8016 -43.9934 -2.12539
4404 5 -8.33425 -39.2353 -2.13716
4404 6 -15.8016 -43.9934 -2.12539
4408 4 -0.475098 -26.2897 -2.28259
4408 5 -8.33425 -39.2353 -2.13716
4408 6 -15.8016 -43.9934 -2.12539
4412 4 -0.475098 -26.2897 -2.28259
4412 5 -8.33425 -39.2353 -2.13716
4412 6 -15.8016 -43.9934 -2.12539
4416 4 -0.475098 -26.2897 -2.28259
4416 5 -8.33425 -39.2353 -2.13716
4416 6 -15.8016 -43.9934 -2.12539
4420 5 -8.34585 -39.2397 -2.13835
4420 6 -15.817 -43.9919 -2.12618
4424 4 -0.471302 -26.3035 -2.28376
4424 5 -8.34585 -39.2397 -2.13835
4424 6 -15.817 -43.9919 -2.12618
4424 17 -18.9536 -44.9585 1.1287
4428 5 -8.36181 -39.246 -2.13955
4428 6 -15.8368 -43.9921 -2.12699
4428 17 -18.9723 -44.9332 1.13193
4432 5 -8.36181 -39.246 -2.13955
4432 6 -15.8368 -43.9921 -2.12699
4432 17 -18.9723 -44.9332 1.13193
4436 5 -8.36181 -39.246 -2.13955
4436 6 -15.8368 -43.9921 -2.12699
4436 17 -18.9723 -44.9332 1.13193
4440 5 -8.36181 -39.246 -2.13955
4440 6 -15.8368 -43.9921 -2.12699
4444 5 -8.36181 -39.246 -2.13955
4444 6 -15.8368 -43.9921 -2.12699
4448 5 -8.36181 -39.246 -2.13955
4448 6 -15.8368 -43.9921 -2.12699
4452 5 -8.36181 -39.246 -2.13955
4452 6 -15.8368 -43.9921 -2.12699
4456 5 -8.36181 -39.246 -2.13955
4456 6 -15.8368 -43.9921 -2.12699
4461 5 -8.36181 -39.246 -2.13955
4461 6 -15.8368 -43.9921 -2.12699
4465 5 -8.36181 -39.246 -2.13955
4469 5 -8.36181 -39.246 -2.13955
4473 5 -8.36181 -39.246 -2.13955
4477 5 -8.36181 -39.246 -2.13955
4482 5 -8.36181 -39.246 -2.13955
4487 5 -8.36181 -39.246 -2.13955
4492 5 -8.36181 -39.246 -2.13955
4497 5 -8.36181 -39.246 -2.13955
4502 5 -8.36181 -39.246 -2.13955
4507 5 -8.36181 -39.246 -2.13955
4512 5 -8.36181 -39.246 -2.13955
4517 5 -8.36181 -39.246 -2.13955
4522 5 -8.36181 -39.246 -2.13955
4527 3 3.7576 -18.4206 -2.05833
4527 5 -8.36181 -39.246 -2.13955
4532 3 3.7576 -18.4206 -2.05833
4532 5 -8.36181 -39.246 -2.13955
4537 3 3.7576 -18.4206 -2.05833
4537 5 -8.36181 -39.246 -2.13955
4542 3 3.7576 -18.4206 -2.05833
4542 5 -8.36181 -39.246 -2.13955
4548 3 3.7576 -18.4206 -2.05833
4548 5 -8.36181 -39.246 -2.13955
4554 5 -8.38397 -39.2508 -2.14087
4560 5 -8.38397 -39.2508 -2.14087
4568 5 -8.38397 -39.2508 -2.14087
4574 5 -8.38397 -39.2508 -2.14087
4581 5 -8.38397 -39.2508 -2.14087
4588 5 -8.38397 -39.2508 -2.14087
4597 5 -8.38397 -39.2508 -2.14087
4606 5 -8.38397 -39.2508 -2.14087
4612 5 -8.38397 -39.2508 -2.14087
4617 5 -8.38397 -39.2508 -2.14087
4622 5 -8.38397 -39.2508 -2.14087
4627 5 -8.38397 -39.2508 -2.14087
4632 5 -8.38397 -39.2508 -2.14087
4636 5 -8.38397 -39.2508 -2.14087
4640 3 3.76452 -18.4425 -2.05985
4640 4 -0.476804 -26.3348 -2.28649
4640 5 -8.38397 -39.2508 -2.14087
4645 4 -0.484847 -26.3506 -2.28772
4645 5 -8.40483 -39.2586 -2.14187
4650 4 -0.484847 -26.3506 -2.28772
4650 5 -8.40483 -39.2586 -2.14187
4655 4 -0.484847 -26.3506 -2.28772
4655 5 -8.40483 -39.2586 -2.14187
4660 4 -0.484847 -26.3506 -2.28772
4660 5 -8.40483 -39.2586 -2.14187
4665 4 -0.484847 -26.3506 -2.28772
4665 5 -8.40483 -39.2586 -2.14187
4669 4 -0.484847 -26.3506 -2.28772
4669 5 -8.40483 -39.2586 -2.14187
4673 5 -8.42288 -39.2635 -2.14226
4677 5 -8.42288 -39.2635 -2.14226
4681 5 -8.42288 -39.2635 -2.14226
4685 5 -8.42288 -39.2635 -2.14226
4690 5 -8.42288 -39.2635 -2.14226
4695 5 -8.42288 -39.2635 -2.14226
4700 5 -8.42288 -39.2635 -2.14226
4705 5 -8.42288 -39.2635 -2.14226
4710 5 -8.42288 -39.2635 -2.14226
4730 2 6.29998 -13.0285 -1.93502
4735 2 6.29998 -13.0285 -1.93502
4740 2 6.29998 -13.0285 -1.93502
4745 2 6.29998 -13.0285 -1.93502
4750 2 6.29998 -13.0285 -1.93502
4755 2 6.29998 -13.0285 -1.93502
4760 2 6.29998 -13.0285 -1.93502
4766 2 6.29998 -13.0285 -1.93502
4771 2 6.29998 -13.0285 -1.93502
4776 2 6.29998 -13.0285 -1.93502
4781 2 6.29998 -13.0285 -1.93502
4786 2 6.29998 -13.0285 -1.93502
4792 2 6.29998 -13.0285 -1.93502
4798 2 6.29998 -13.0285 -1.93502
4804 2 6.29998 -13.0285 -1.93502
4810 2 6.29998 -13.0285 -1.93502
4816 2 6.29998 -13.0285 -1.93502
4822 2 6.29998 -13.0285 -1.93502
4828 2 6.29998 -13.0285 -1.93502
4834 2 6.29998 -13.0285 -1.93502
4840 2 6.29998 -13.0285 -1.93502
4847 2 6.29998 -13.0285 -1.93502
4860 2 6.29998 -13.0285 -1.93502
4879 2 6.29998 -13.0285 -1.93502
4890 2 6.29998 -13.0285 -1.93502
4898 2 6.29998 -13.0285 -1.93502
4931 3 3.7575 -18.4741 -2.06163
4931 4 -0.49786 -26.3586 -2.28827
4931 19 -13.3296 -32.6367 1.17243
5311 0 0.137133 -0.122124 -0.00698404
5316 0 0.137133 -0.122124 -0.00698404
5321 0 0.137133 -0.122124 -0.00698404
5325 0 0.137133 -0.122124 -0.00698404
5330 0 0.137133 -0.122124 -0.00698404
5335 0 0.137133 -0.122124 -0.00698404
5340 0 0.137133 -0.122124 -0.00698404
5345 0 0.137133 -0.122124 -0.00698404
5350 0 0.137133 -0.122124 -0.00698404
5355 0 0.137133 -0.122124 -0.00698404
5360 0 0.137133 -0.122124 -0.00698404
5365 0 0.137133 -0.122124 -0.00698404
5370 0 0.137133 -0.122124 -0.00698404
5375 0 0.137133 -0.122124 -0.00698404
5380 0 0.137133 -0.122124 -0.00698404
5385 0 0.137133 -0.122124 -0.00698404
5390 0 0.137133 -0.122124 -0.00698404
5395 0 0.137133 -0.122124 -0.00698404
5400 0 0.137133 -0.122124 -0.00698404
5405 0 0.137133 -0.122124 -0.00698404
5410 0 0.137133 -0.122124 -0.00698404
5415 0 0.137133 -0.122124 -0.00698404
5420 0 0.137133 -0.122124 -0.00698404
5425 0 0.137133 -0.122124 -0.00698404
5431 0 0.137133 -0.122124 -0.00698404
5437 0 0.137133 -0.122124 -0.00698404
5443 0 0.137133 -0.122124 -0.00698404
5450 0 0.124253 -0.125493 -0.00691667
5456 0 0.124253 -0.125493 -0.00691667
5462 0 0.124253 -0.125493 -0.00691667
5469 0 0.124253 -0.125493 -0.00691667
5475 0 0.124253 -0.125493 -0.00691667
5481 0 0.124253 -0.125493 -0.00691667
5487 0 0.124253 -0.125493 -0.00691667
5493 0 0.124253 -0.125493 -0.00691667
5499 0 0.124253 -0.125493 -0.00691667
5506 0 0.124253 -0.125493 -0.00691667
5512 0 0.124253 -0.125493 -0.00691667
5518 0 0.124253 -0.125493 -0.00691667
5525 0 0.124253 -0.125493 -0.00691667
5532 0 0.124253 -0.125493 -0.00691667
5538 0 0.124253 -0.125493 -0.00691667
5545 0 0.0975119 -0.130461 -0.00596309
5552 0 0.0975119 -0.130461 -0.00596309
5560 0 0.0975119 -0.130461 -0.00596309
5568 0 0.0975119 -0.130461 -0.00596309
5576 0 0.0975119 -0.130461 -0.00596309
5583 0 0.0975119 -0.130461 -0.00596309
5589 0 0.0975119 -0.130461 -0.00596309
5589 1 11.2912 -2.88901 -1.1651
5595 0 0.0975119 -0.130461 -0.00596309
5595 1 11.2912 -2.88901 -1.1651
5601 0 0.0975119 -0.130461 -0.00596309
5601 1 11.2912 -2.88901 -1.1651
5606 0 0.0975119 -0.130461 -0.00596309
5606 1 11.2912 -2.88901 -1.1651
5612 0 0.0975119 -0.130461 -0.00596309
5612 1 11.2912 -2.88901 -1.1651
5619 0 0.0416884 -0.130994 -0.00402725
5619 1 11.2407 -2.86786 -1.16316
5626 0 0.0416884 -0.130994 -0.00402725
5626 1 11.2407 -2.86786 -1.16316
5633 0 0.0416884 -0.130994 -0.00402725
5633 1 11.2407 -2.86786 -1.16316
5633 2 6.23709 -13.0336 -1.93207
5641 0 0.0416884 -0.130994 -0.00402725
5641 1 11.2407 -2.86786 -1.16316
5641 2 6.23709 -13.0336 -1.93207
5653 0 0.0416884 -0.130994 -0.00402725
5653 1 11.2407 -2.86786 -1.16316
5653 2 6.23709 -13.0336 -1.93207
5750 1 11.3625 -2.93183 -1.16689
5750 2 6.32145 -13.079 -1.93575
5758 1 11.3625 -2.93183 -1.16689
5758 2 6.32145 -13.079 -1.93575
5764 1 11.3625 -2.93183 -1.16689
5764 2 6.32145 -13.079 -1.93575
5769 1 11.3625 -2.93183 -1.16689
5769 2 6.32145 -13.079 -1.93575
5775 1 11.3625 -2.93183 -1.16689
5775 2 6.32145 -13.079 -1.93575
5780 1 11.3625 -2.93183 -1.16689
5780 2 6.32145 -13.079 -1.93575
5785 1 11.3625 -2.93183 -1.16689
5785 2 6.32145 -13.079 -1.93575
5790 1 11.3625 -2.93183 -1.16689
5790 2 6.32145 -13.079 -1.93575
5795 1 11.3625 -2.93183 -1.16689
5795 2 6.32145 -13.079 -1.93575
5800 1 11.3625 -2.93183 -1.16689
5800 2 6.32145 -13.079 -1.93575
5805 1 11.3625 -2.93183 -1.16689
5805 2 6.32145 -13.079 -1.93575
5810 1 11.3625 -2.93183 -1.16689
5810 2 6.32145 -13.079 -1.93575
5816 1 11.3625 -2.93183 -1.16689
5816 2 6.32145 -13.079 -1.93575
5822 2 6.32792 -13.0815 -1.93695
5827 2 6.32792 -13.0815 -1.93695
5832 2 6.32792 -13.0815 -1.93695
5838 2 6.32792 -13.0815 -1.93695
5844 2 6.32792 -13.0815 -1.93695
5850 2 6.32792 -13.0815 -1.93695
5856 2 6.32792 -13.0815 -1.93695
5861 2 6.32792 -13.0815 -1.93695
5866 2 6.32792 -13.0815 -1.93695
5871 2 6.32792 -13.0815 -1.93695
5876 2 6.32792 -13.0815 -1.93695
5881 2 6.32792 -13.0815 -1.93695
5886 2 6.32792 -13.0815 -1.93695
5891 2 6.32792 -13.0815 -1.93695
5896 2 6.32792 -13.0815 -1.93695
5901 2 6.32792 -13.0815 -1.93695
5906 2 6.32792 -13.0815 -1.93695
5911 2 6.32792 -13.0815 -1.93695
5916 2 6.32792 -13.0815 -1.93695
5920 2 6.32792 -13.0815 -1.93695
5924 2 6.32792 -13.0815 -1.93695
5928 2 6.32792 -13.0815 -1.93695
5932 2 6.32792 -13.0815 -1.93695
5937 0 0.19587 -0.148093 -0.00897967
5937 1 11.3811 -2.94035 -1.16811
5937 2 6.32792 -13.0815 -1.93695
5942 2 6.3594 -13.0989 -1.93878
5947 2 6.3594 -13.0989 -1.93878
5951 2 6.3594 -13.0989 -1.93878
5956 2 6.3594 -13.0989 -1.93878
5960 2 6.3594 -13.0989 -1.93878
5964 2 6.3594 -13.0989 -1.93878
5968 2 6.3594 -13.0989 -1.93878
5972 2 6.3594 -13.0989 -1.93878
5976 2 6.3594 -13.0989 -1.93878
5980 2 6.3594 -13.0989 -1.93878
5984 2 6.3594 -13.0989 -1.93878
5988 2 6.3594 -13.0989 -1.93878
5995 2 6.3594 -13.0989 -1.93878
6003 2 6.3594 -13.0989 -1.93878
6010 2 6.3594 -13.0989 -1.93878
6016 2 6.3594 -13.0989 -1.93878
6022 2 6.3594 -13.0989 -1.93878
6028 2 6.3594 -13.0989 -1.93878
6035 2 6.3594 -13.0989 -1.93878
6041 2 6.3594 -13.0989 -1.93878
6047 2 6.3594 -13.0989 -1.93878
6052 2 6.3594 -13.0989 -1.93878
6057 2 6.3594 -13.0989 -1.93878
6061 2 6.3594 -13.0989 -1.93878
6065 2 6.3594 -13.0989 -1.93878
6070 2 6.3594 -13.0989 -1.93878
6075 2 6.3594 -13.0989 -1.93878
6079 2 6.3594 -13.0989 -1.93878
6083 2 6.3594 -13.0989 -1.93878
6088 2 6.3594 -13.0989 -1.93878
6088 23 -9.45924 -3.80094 1.23392
6092 2 6.36106 -13.0987 -1.93934
6096 2 6.36106 -13.0987 -1.93934
6101 2 6.36106 -13.0987 -1.93934
6106 2 6.36106 -13.0987 -1.93934
6111 2 6.36106 -13.0987 -1.93934
6116 2 6.36106 -13.0987 -1.93934
6121 2 6.36106 -13.0987 -1.93934
6126 0 0.259642 -0.152322 -0.0112254
6126 1 11.4386 -2.96965 -1.17036
6126 2 6.36106 -13.0987 -1.93934
6126 23 -9.47182 -3.80877 1.23518
6126 24 -1.11061 0.147896 -0.334507
6130 0 0.239494 -0.146182 -0.0107586
6130 1 11.4197 -2.95828 -1.16989
6130 2 6.34653 -13.0895 -1.93891
6130 23 -9.46198 -3.81412 1.23524
6135 0 0.227861 -0.144988 -0.0103409
6135 1 11.4092 -2.95242 -1.16947
6135 2 6.33993 -13.0855 -1.93853
6135 23 -9.45788 -3.81561 1.23526
6140 0 0.233563 -0.147315 -0.0103899
6140 1 11.4148 -2.95529 -1.16952
6140 2 6.34465 -13.088 -1.93861
6140 23 -9.46512 -3.81635 1.2357
6144 0 0.223629 -0.146255 -0.0100502
6144 1 11.4058 -2.95043 -1.16918
6144 2 6.33885 -13.0847 -1.9383
6144 23 -9.4617 -3.81774 1.23571
6149 0 0.220787 -0.147296 -0.00985771
6149 1 11.4035 -2.94931 -1.16899
6149 2 6.3382 -13.0844 -1.93813
6149 23 -9.46299 -3.81814 1.23585
6154 0 0.251207 -0.154523 -0.0105683
6154 1 11.4319 -2.96447 -1.1697
6154 2 6.35869 -13.0956 -1.93891
6159 0 0.251207 -0.154523 -0.0105683
6159 1 11.4319 -2.96447 -1.1697
6159 2 6.35869 -13.0956 -1.93891
6165 0 0.251207 -0.154523 -0.0105683
6165 1 11.4319 -2.96447 -1.1697
6165 2 6.35869 -13.0956 -1.93891
6172 0 0.251207 -0.154523 -0.0105683
6172 1 11.4319 -2.96447 -1.1697
6172 2 6.35869 -13.0956 -1.93891
6187 0 0.251207 -0.154523 -0.0105683
6187 1 11.4319 -2.96447 -1.1697
6187 2 6.35869 -13.0956 -1.93891
6278 0 0.251207 -0.154523 -0.0105683
6278 1 11.4319 -2.96447 -1.1697
6278 2 6.35869 -13.0956 -1.93891
